-1.705312771915745	1.9666419239221573
-0.9262206154013418	2.5235084263789407
-1.4805420783058656	3.660209842529622
-2.7711425989700587	2.243471062181541
-1.7265544438658946	3.0162553558325165
-0.9574082220282424	2.921352514143965
-1.541508480359192	3.053478922727242
-1.1972218528114027	1.2524011439417086
-2.5676341469738273	2.8095316361230145
-1.3959081789842693	1.7080321371893927
-1.835690489223945	3.8585643857486267
-1.1147353222537777	1.3154757895867684
-1.3265284500511636	1.5852284866262858
-2.644287956394148	5.098021445199162
-2.859835541688258	8.045813550381279
-1.5451894145719176	2.5005731113798104
-1.8066339776003284	3.5665769303282358
-1.6837366402548546	6.987400762879506
-1.1303129952520121	2.3955168419020305
-0.8801805721681466	4.202895340751993
-1.2065016249277467	1.8276667111774936
-1.0170903574385108	5.486845623715615
-2.303594923909023	5.622954564720657
-1.075603627545868	2.2918937961050645
-2.542697011723262	5.979559617876746
-3.17972941636901	6.1132539124126595
-1.1684583427403903	2.2171484336944545
-1.4446763227047992	2.4895587521935845
-1.6592551267543012	2.9742564523841257
-2.37986861958509	4.056811867978012
-1.8468339877779891	3.3884829136884287
-1.7212475495706203	5.32510793452609
-1.862199178181062	3.3806548108002827
-1.6578295726934613	2.6696360155050978
-1.2548094108673282	1.4483039873469943
-1.4064122378691855	1.7630838478163584
-1.4148421164455924	2.757875321485716
-1.5385359411106727	2.424745610530934
-3.3439693030899353	4.681038086975938
-1.681105323061118	2.605919682405169
-2.1920113752395736	3.9033135917741033
-2.9018177021815004	5.761609139787425
-1.0143278159297746	1.792106095897659
-1.1251286473899842	2.397764641118084
-1.837509239434409	3.9755284295384143
-2.711388660499662	5.826191866493529
-0.926490337173861	1.800690606551247
-2.113390142294879	3.7424494011637224
-1.2669888797873639	1.210395588377936
-3.7765458584104334	5.077371040677859
-1.8349478633146652	3.2027043563862176
-1.0154185755014513	1.4801345425817771
-0.9327186841353668	2.7130168242122403
-1.8013415010779261	2.9849401317463022
-2.5810683143179247	7.45773499118782
-1.5944452417758337	3.865317231645608
-3.1249599469803306	4.054101682005901
-3.769309502108457	10.583134798048057
-0.9107504123677482	2.3598410522723787
-1.124569067931173	1.6381450728725804
-1.2271336360327811	1.0288240888052163
-0.7923100901181048	2.6148864408012362
-0.6895194884022926	2.743317072421595
-1.2745000479569117	1.4706796125231076
-1.356623280720958	1.6204055017321484
-2.955858560948667	3.7441489474262637
-1.2739449843361252	5.475861539065228
-1.5413364608808267	2.4021750715416528
-1.1000931293956637	1.564270070550113
-1.244259964087107	1.4154519895017628
-0.8404553822150205	3.983754273435968
-1.1045804574257312	3.495016613590275
-1.2411958063890423	2.275425000134356
-0.7717466627540369	2.7689776012161462
-2.1874271312798097	3.9061543928863207
-1.198623680382609	1.195533586133482
-1.6728244297349684	2.516265652907291
-1.012839954586457	2.041386554960262
-2.0532881028531245	2.9647003890447667
-1.4172492025707797	3.110314920965392
-1.5910629211023788	1.6436812376099563
-0.9077679131485877	4.2870931948359035
-0.999352920399522	2.3740771695980025
-1.4143457828640242	1.6300098056910672
-1.8472614159315164	9.097840589033801
-1.5628886407126268	1.6274615786010531
-2.5765368070463452	4.002821602549726
-1.1550834416582694	1.3205565080421882
-1.010626468967829	3.166993596231951
-0.9435934937976249	2.668222581680985
-0.710325198858122	2.3968737172846777
-1.345101729524791	3.0251559835931046
-1.2215851097964934	1.710874080537663
-1.8048585841891656	5.9565378966878315
-1.9437306141690605	3.1604004550985945
-2.015161716431555	4.443880494461003
-1.9154162325753579	6.737273283782498
-1.2066918681484575	1.6490110928634574
-1.968988277918179	3.1048146842319153
-1.4403793521692307	1.9685886048127113
-1.1183908593239444	1.6805365744653415
-2.31029773779543	2.3160697039581852
-2.5493555284208798	7.2994685562071435
-1.0148127124972868	1.8785705058737279
-0.9492673291254037	2.856394038044461
-2.295340070016421	2.8489827367418594
-2.853748619234334	9.928640848349843
-1.1123389707851739	2.18523220565697
-3.997153522081394	9.081267187940663
-1.9675740218328797	2.531261414524329
-1.3596247535101236	1.4620134265794833
-2.4957470494845255	5.942859607707829
-1.7620216661498576	2.6021958917291914
-2.006746158729949	4.549144503587863
-2.6562468640635313	4.580755181034813
-2.492011001569081	3.6669476403719217
-2.257248026477768	4.559104901909679
-1.684358194642346	4.424449007475461
-1.5785056173776544	3.2325812845910162
-1.6979518566460503	3.960664766466667
-2.532790536719106	4.109100928915467
-2.5003702124237743	3.4944956379880536
-0.9841596306958788	2.208525594553758
-3.513237838253774	5.036099399846241
-1.5450641269982948	4.245399945729108
-2.3990733806444102	9.114645907344944
-2.8329583510345677	3.253398850385881
-1.0358330828517868	2.772462274214253
-2.58602821788474	5.680648911994305
-2.22323206688065	3.611582575471356
-1.7829407543751212	3.568715012149709
-1.2664490398726578	2.6531973633300514
-2.1683757917995035	6.747728808892776
-3.3088871856728375	3.3135213050812857
-5.516200378693507	7.584416425431999
-1.751902566603072	5.518050937615927
-1.1892564450848304	0.9743178594934563
-1.6578995146454352	1.2731518321517974
-2.0213133685312403	3.8746669618849703
-0.6131662586442808	2.7255884525395584
-1.6305025273302014	2.9175604405567475
-0.982863191028748	4.585044656534981
-3.4869462463111427	7.59713502873581
-2.371929499032462	5.474968716984113
-1.0469934870681996	1.8204982217532522
-1.006680469277765	2.7545158671645953
-1.7304288701808839	3.5523928929254107
-1.742237357081328	3.5586116045678047
-1.2443702601138786	3.332316886307222
-1.8589230865943016	4.087101941224741
-1.2988881747046939	1.2031359971506215
-1.2408885757387198	2.204415569731695
-2.7027521818971136	7.2655294501962855
-1.7782033835212399	3.231132435365115
-1.735755401975593	3.895372918889846
-0.9505048708403562	1.4663676178301128
-1.162569382507058	1.9893134116015156
-1.982812788729209	2.5614895808986264
-1.9856074861066095	5.51490104509712
-2.912280770680988	7.149946558756161
-1.5464240035610257	3.2879389360883686
-2.135389625178851	3.527960082523248
-2.2871842058452474	3.556140373651874
-1.5196085265050803	3.5598485713369503
-2.0933754007335468	1.6896043292960592
-1.7539463534279023	2.8775032542192944
-0.8056774655639741	3.293846963487474
-1.3045390391132439	2.5110374190872076
-1.6768260053601203	1.803361125303787
-1.1332775544816547	2.197104235471994
-3.1207542582004697	6.356631566796637
-0.7170318028196712	2.6865033073266047
-1.33406319942125	2.836888512474894
-2.5032827454907687	5.786949773344394
-2.9148429160087885	3.117605953147666
-1.4640114905528043	2.932451626887385
-1.1240805210918958	1.4437904724172563
-1.9761025280262694	4.699737615870605
-1.0189589487974022	1.169787001904806
-1.0017371621250482	2.307568644709061
-0.9254406541509077	3.189623136730842
-2.113267385081217	3.4445449506169687
-1.651883371710301	3.0336726943820986
-1.454651451080273	1.8545309014087896
-0.9083696246407221	3.060513529924798
-2.1765199534122948	9.312295585254567
-1.270812923364711	1.4067745961580234
-2.664216474648585	7.530496470887677
-2.33252646153579	3.8128838078523963
-0.9955272749644549	4.525222588345288
-2.602632510135361	7.342122149776826
-2.28391982738176	6.542883165727104
-1.9841784763943735	3.8651054030441023
-2.680221998726941	3.645885954949904
-1.2460588982976644	1.8447611137556084
-1.8833685177645678	4.564335960369535
-1.4009137098614257	2.7646155817237528
-0.9345178483622765	1.8199896324925993
-2.322330738522034	6.489158951309928
-1.9503095358647946	3.157359645092941
-1.5581687805131532	3.4406180440580836
-0.8691691407756448	3.7966263992554325
-1.5263683523307112	2.512167131844525
-1.6055057447198082	1.9427230253388168
-1.0613842371972855	2.4688700312678966
-1.1577729248912325	2.16260726266538
-2.432143082361639	4.7270226254797505
-2.2308843469340713	8.670124328970205
-1.0404583021895775	1.4953973483425973
-2.5002613844295483	4.985000674155012
-1.2939473804560346	1.537522877038152
-1.1637085134660081	1.9235169602681
-1.870896593842906	3.766179409211244
-1.8606355426006675	9.143497992655957
-2.160572677207578	3.7847932368940476
-1.4409193634133595	3.810595120879661
-2.679981760733391	3.8620302136789917
-1.1751649120940015	2.080861347686262
-0.8509791937760355	3.0143367855664644
-2.318854814748231	6.169827651075335
-0.8511133233192623	2.7651375884881144
-2.1534034735033396	4.342884125059295
-2.1126442311329305	4.194714751059097
-1.0983661848331712	1.8639971078679212
-1.1792636471178348	2.9021203876486963
-2.5721449366352864	7.111539011906717
-2.7062346960062995	3.834606788035956
-2.1192065558653925	3.2593077229087344
-0.7551409238959959	1.9391891071142555
-1.5305330244772426	4.0664898558288725
-1.579669391718907	2.1586091259114903
-2.727180190125955	4.2329617815146
-0.9019797889711076	2.262567812552067
-1.659532004418178	7.8114354955389
-3.372409689712462	4.018231408701175
-1.380402142315876	2.393722613194605
-0.9707562428826935	2.527825852366029
-1.645688547095393	2.4269102505638047
-5.183557247617887	4.739170606980126
-1.1206250544244083	2.199518240894138
-2.371911288431514	8.41070387317689
-2.2779413405557944	3.9581513419132817
-1.2311617589045247	1.6450912672595859
-2.2946751664580294	9.383445114641987
-1.6675244128890525	1.8860841109810893
-1.63029224834145	2.4684983122581947
-1.2774020961176318	2.5713517054682242
-1.619669758465017	2.4524644202503874
-1.3954992431835103	1.927581903069178
-1.6299827529700643	2.7255661087695837
-2.4522430615621196	5.362552184112614
-1.294083967991277	1.1737574266155844
-1.3033947056065875	1.6955057481489726
-1.049652194576976	1.119226508835579
-1.3258372152459714	1.9518398704754452
-1.9222886664602625	3.958097956674539
-0.942286010330375	2.497592585978881
-0.9591978152917525	1.2792481730813485
-1.5182293234087756	2.070860196141467
-0.8306128603627545	2.710401150816643
-1.036099454320446	2.073418955741202
-2.162416592147616	2.1975567547001944
-1.9423554498537645	2.8011065906865418
-0.708821818979227	3.081681375220717
-0.9269820249151408	2.3672663806874295
-3.861263369250662	6.329453786714774
-1.5004075283738638	1.723688884550041
-1.2585438929995354	6.237392006379055
-2.3617598465051306	3.700357524132461
-2.8529265694824266	9.976897422258233
-1.4862126026646894	2.632792037592734
-1.7089889291235238	3.909316961979091
-3.104521765025272	5.687031831921321
-1.5171404596242135	3.038764101342629
-2.64316415036288	2.577390144445775
-3.1280627876071563	10.84788856746313
-2.270932534029398	3.5959248990801482
-1.719956659871999	5.829646899845745
-1.2283007060598625	1.7781843872950631
-2.0445676499957424	6.385845186065839
-0.9562116873983837	4.965243230387837
-1.8952225007166645	2.942713229513464
-2.279884005892552	3.4995014870413232
-3.305207776308361	8.73504777106792
-2.061925222852843	5.056086134666852
-1.2446402440112057	2.4358053606859094
-1.2181235834252242	4.197569289974504
-2.3919567826534727	5.118241187876606
-1.093965689530205	2.9686296943145134
-2.0215821291100458	3.3451037095693326
-2.881705745066605	10.210961725428339
-1.1655335076846336	2.1148409804052597
-1.852763763062323	1.85613659317266
-2.7862410230128103	8.134171901522661
-1.147750528730465	2.3931765177375155
-0.8681647275568558	3.5565038340241917
-1.715889137831867	4.787408646916553
-1.122854057876649	1.7605551178202676
-1.1659125122224472	2.135623865553841
-1.2238281072896664	2.468716753215797
-2.816981015126918	6.385751495725237
-1.2946320330074812	1.836943278396221
-1.8751938366660705	5.487307484213851
-3.1401763936833684	3.2915907263627266
-1.9826905654937166	2.533883147332971
-2.5021003631499057	3.276891807958545
-1.0770434924005325	4.86195518958975
-3.0196078189033075	7.763627773257166
-3.2612714904927955	5.558109984731391
-2.297288533712115	5.25794648812592
-2.25490204484506	4.544088824837795
-1.6297761412017535	3.258916631120559
-1.8020150059598097	2.169378726755342
-2.3267846520069795	2.500742103669931
-1.1528427091309446	2.0039872219206467
-1.505523590510421	3.652396599703494
-1.1693515163875134	1.6544347450206536
-2.170510536386693	7.6006281114231315
-1.5668199615202045	4.390809454205191
-1.3517353166095925	1.4747627241728924
-2.1934982129480525	2.8695724051374083
-1.4554907093152694	2.9041349525296876
-1.533379549062287	2.7222795997324902
-1.5075176437806281	1.9047908295683584
-2.923088824934106	5.38661143537368
-1.2272170694657751	0.9412109779668841
-1.2262012017295774	6.984274439399972
-2.2108715089715956	6.09963994042773
-1.824741866580078	4.303084434940138
-1.738161125588223	4.274521595415718
-1.2883764244796776	2.5825057853785536
-1.1267119289421152	2.251037398300085
-1.6335811429928342	2.504884901786664
-1.3781705899314176	6.387702247442122
-2.7374309153795666	2.597336927502086
-1.954377907279637	4.012525234043003
-2.2828612139034603	4.275498492842749
-2.2338088947783543	7.465083018203835
-1.086352729756858	2.463735670012405
-1.1048159509979851	1.4673447425795882
-1.0954905099312156	1.157434606049162
-2.4791246070121487	4.891348415822619
-3.2241142036227153	7.744379072930574
-3.72907240803892	10.381356894875191
-1.0790017187088388	1.262353204006959
-1.1979824968535637	1.7918042740902633
-1.233317495541234	1.3738244333154523
-2.009775380717134	5.718907746350491
-1.472461409842571	2.5119022985167416
-1.3282699672255598	1.8658489043076019
-1.0370117739454991	1.951679467297439
-1.1497762902066029	1.8534287850371922
-1.8000955997405876	1.9008802126303488
-0.5939690463758346	2.6104962487070944
-1.7762070220114656	2.083583906987857
-1.5426006208740073	1.5136077999438562
-1.6829522579448808	1.4314076369636097
-0.7987145538894385	2.6725233112944125
-1.3746280124959807	3.271227543517987
-3.023580491852617	4.163669423740301
-1.480402463941606	3.406251764920312
-1.2489004346990136	1.5742205590136604
-1.8120142870756435	3.4473885709371057
-1.1621883311209749	1.7263476488612595
-2.9879426916560496	4.4425142825896025
-1.2153450861233235	1.3751980255191734
-1.9495663476296727	5.063761300307643
-1.310306982007674	2.2933660360002888
-2.1750548472122713	4.043530003058279
-1.4828029515429588	1.3387943771001138
-1.83975612361036	5.060589873620412
-2.372331105242263	3.7075754467991295
-1.5117719050263934	2.646420297380198
-1.669685161868462	2.188894514139814
-2.075595265824292	3.5275383009861576
-2.1355830915302048	4.5175005896077725
-1.4280244173587844	2.075917350517649
-1.7636156556935205	5.045729196955091
-1.879699973238844	4.8016264090989145
-1.0261140887731797	5.1107608519810865
-2.9048490840496903	4.510916375331407
-1.7448168178138168	4.616433918781418
-2.0904986553439877	3.554308275399317
-0.7294238869986347	2.7185994765439156
-4.361151803945161	3.8702913586347365
-1.3638790678181107	2.3053903853297304
-0.8828000423904591	2.383156138776153
-3.538347712269895	6.726730678052878
-1.0733232769436432	3.0820202988770986
-2.0925117022129696	3.551025352260939
-1.6629777752333426	2.0480451837515496
-1.455223136953209	1.7914497952770276
-1.0765354957963986	3.611463528488178
-1.049365791211318	2.5538464328532107
-1.5716868073587469	2.9720431570256105
-4.804056603671172	4.906385371185467
-1.7876889675198853	6.698732602310854
-1.1335487791994259	1.140016422301812
-2.330193681989581	2.761628296981986
-2.0937141460881015	4.559326811867858
-1.6126956273312016	2.553272637838321
-1.3227721046000382	2.503708468478728
-1.1115972570675956	4.6749571551538045
-0.9972824153173018	3.421304666453817
-2.4862937686093414	6.796703635315818
-0.8552874487375557	4.103006291426157
-2.1501494540467547	4.881946756415272
-1.8313537342329693	2.0784470310305827
-1.2577243405931815	3.3326685691384
-1.2189700406665482	2.5644219608996046
-0.8569025330254604	2.408121012622084
-1.5923431617967783	2.5495721104041897
-1.6973513744140134	2.0561744246695017
-2.4933179973182904	7.220610354306174
-1.448743063801497	1.9434367991858752
-1.8460298292122022	4.0229446430855065
-2.9309794323478657	5.974285582335164
-1.5317712965068073	1.7676352231171695
-2.219466156854936	4.148026689695039
-1.3798476597580247	2.6844922489595975
-2.0468021652397344	3.3150097718946134
-1.4968743707330332	1.815491190667415
-1.224629237335018	1.1467657756316154
-1.4161995985519893	2.0124073376935763
-0.7739819861212831	2.474332574797548
-1.15176028322004	1.7060216309721044
-1.3486256979058833	2.107898254866487
-1.5968521076258315	3.439626887734495
-1.1095505111819952	2.372952312026132
-3.095379072816726	6.8945738795197675
-0.9919331220963924	1.6853999414524634
-0.9773828735869671	1.8209764188984388
-2.0223604162895543	3.1134440298061783
-2.356615927398349	2.3568766362338405
-1.5456081879896042	4.165669544527773
-0.6403406421632696	1.8678122348358874
-2.1314286914714984	3.960347188885009
-2.7267840236877796	7.62780288631844
-1.5558714792258341	2.9058860436523615
-1.8984923575897115	5.840708144244014
-3.5990098371949784	11.421091813744221
-1.22301299208173	2.182928106441324
-2.110590044710323	3.639899807029788
-1.5131359020930835	2.9864181827673635
-1.4444310770723878	3.393137504794091
-1.0563849422383986	2.179974115719161
-1.7572977976650614	2.381553229533794
-2.3020972931547257	7.084859592571821
-2.657487080503053	9.151620334070614
-1.396148225608393	2.0203418611931503
-2.8422359830054678	4.672601998860896
-2.281263730982843	2.6716861760388597
-1.7744712036045835	4.331789792144967
-1.52815913641618	2.2560846899216194
-1.5555877141549905	1.3438352631649702
-0.8333165231288379	2.2847065054941202
-2.8656089281922275	3.927431570956667
-1.4674310585749246	2.8980810762753313
-1.6915713035523392	2.665597929005193
-0.826987512050959	2.7098157403174277
-1.422777329146119	2.0785980176673555
-1.6757334512120432	1.7770419884555406
-2.2870184073539064	2.149907267966607
-3.7303357665959145	6.930551422534648
-1.7025084342828691	3.3919212276725057
-1.584491107780539	2.9958179473855173
-1.840485250054329	2.0706642021558053
-1.8323827724958868	4.952264008844478
-4.234560799256016	5.73522377227713
-3.5267146073962863	9.120764499682195
-1.6507502174859399	2.2753621032266644
-1.3609127012862292	2.3499808295489477
-1.406326088058701	2.2606351042370907
-2.181638614036113	3.0867602217115087
-3.5151653643710388	6.305247180667477
-2.293277563553197	7.860639810710343
-1.5862344385724494	3.8471026276045506
-2.458705201910171	3.4899949456416155
-1.0896231197610537	0.9264816032569629
-1.997036757837715	2.823914468912206
-2.592264298232033	2.819894972288194
-2.1331474199089024	3.8567181391337404
-3.7139528340978507	5.23741649405463
-1.7258084188217324	2.2328624582364642
-3.8800778655065757	12.08378695774782
-1.0336713118596252	1.2970540441776062
-1.0815518862477695	4.96184112705176
-2.8955304366072374	3.239712660746445
-1.51200068715302	2.591281374254962
-1.6460410148226794	2.343225525175643
-1.5437788898784495	4.292229557877115
-2.496664351352413	2.572640988327265
-1.5729462343578717	1.5588417377279418
-1.0848127580072697	4.018002437093667
-1.9960688295449134	6.367430148531719
-3.0427019992033504	7.747839885172891
-1.7686784780278673	3.428315273611261
-2.2328456911117818	3.6222801056713756
-2.6101434390855944	3.3743746500375815
-1.0029674943909141	2.306797589844536
-2.1196098835391743	5.701657171227432
-3.0370601924878855	5.032676129075209
-1.432870480215462	2.219851629433179
-2.33973632767138	4.628298466164844
-1.596603294373849	1.8988229605653426
-1.3118390747754232	1.874046982027261
-2.5256185898224275	6.181277462602819
-3.338783282774529	4.660875600793797
-1.8703154023409625	3.99119734536193
-1.7908882691735426	4.25514310133838
-1.5409785602998693	1.5920317864830706
-2.036752196294981	4.907622141728375
-2.747847988596756	3.8483271809904505
-1.163954152093636	1.5187897529938006
-3.6603853507998725	7.7461837304857655
-1.3061043482065284	1.5211771188606433
-1.4420866206259755	3.149743596655482
-1.2101507181845	1.4287840918521248
-3.733463050702271	4.172976020653714
-1.472938461536732	2.2743785445862557
-1.2813592773370182	3.5792863361389067
-1.9249938409409646	3.3241839262846873
-4.191350526995195	4.459459566114337
-2.218855688184911	4.5910082654538025
-4.9044050127061904	4.796789641022073
-1.7624203654677453	2.689581119579888
-0.9868412249120674	3.1473165942087413
-0.5926917203361662	2.311155933193388
-1.1984057165533686	1.3900367117502048
-1.2406176058209861	6.124704600825185
-1.7936583844829905	3.340221150306822
-1.2633391917854024	2.22075402703437
-1.4808593948204158	1.61597512384716
-2.0700438401724823	4.975753762540896
-1.4995730063109267	6.89761494862331
-1.1204101526155303	3.8756620634889924
-1.441702064814998	1.3755066598304568
-1.127657955856152	2.267720191764792
-1.6449460462773124	1.910183204294412
-2.5974260539612533	2.76083935809207
-1.3827766828279642	1.7217682391422309
-1.2321847441156286	1.9883700343395065
-1.1604475598801876	3.176313390510875
-2.5601311183809328	6.5142747554565075
-1.1037295431609042	1.158518428104381
-1.2752908197981814	1.8350146561598495
-2.45277559544476	4.040298164099789
-1.1009094761466907	4.41919584651403
-1.4825356868677697	1.7597069301173267
-1.513653299563418	2.4442567841119907
-1.2734932508310588	1.6230849907710847
-1.5901021694876325	1.7292053161853678
-1.9083665986088363	3.1135629857576546
-2.410761656933164	4.026850946858984
-1.9162430597138407	4.654752350562748
-1.948764593124625	6.102074082577788
-0.8655049631294561	3.1106248486590298
-1.1220058239262916	2.341127997613118
-3.2028664798211386	5.143892148292883
-1.6199904637109932	2.247648976884895
-1.2216162915760447	2.096747833890115
-1.680693866415538	1.8677292201384064
-0.8222453532281047	2.6830284537495355
-1.2473153317064043	1.429781045938212
-3.9680389077774034	2.9469929308269065
-2.025242084610706	5.707393888130131
-1.359757980556684	7.115127669391437
-1.2029088959020187	2.3019029287116055
-1.911703531199703	5.179329059542001
-1.7851072599842481	4.179436415250214
-2.3746677842477006	4.306293033630335
-2.631927675012338	3.5070453773257055
-2.3532018372371337	3.5521470631839094
-2.2948824663954164	4.558754417268409
-3.4406672845660284	10.078376329025135
-3.6711409305961356	6.002250137575744
-2.138034809384644	5.18020594544069
-2.4918398163778157	3.514559251274754
-1.3633928269975675	1.5369697285941075
-1.1532278248725611	3.027558289328822
-2.3404176804820094	9.6412957597855
-0.9692573984768955	2.1633829190895955
-1.4186976452430606	1.436502440912115
-1.4945601122718846	1.7428559431123452
-3.6027481698769708	3.8905647946429
-0.8692392577440935	2.2258065858468727
-1.8650748787842686	2.6134111124252084
-1.782322099823997	5.198097836782608
-1.836091734969195	5.9798052776870785
-2.4625390593586918	3.366528698390856
-1.5840824608439763	7.098213487599036
-1.229299611579284	3.388242024011075
-1.285773887807151	2.320921964743522
-1.848606268945235	4.166262904725762
-2.2801741510418196	3.0930945797338927
-1.172303212933998	3.622059894145657
-1.6025798101660258	1.7842765257241857
-1.0473995639188856	1.5661378389895744
-1.3431568332793464	2.2659271277827666
-2.4749893934789577	4.141890475654751
-1.3627288197255183	2.7522147327111686
-2.698516511892654	6.840090326825086
-0.9898295076887218	4.638045423358556
-1.1606081061186757	2.1100058620959055
-1.8690794856718054	2.436828613600331
-0.6830875300185676	3.151695201933439
-2.171669917273274	3.63696451277545
-1.2626483293422122	3.4933794217071426
-1.266824486652029	4.035422201622712
-3.3686758619472146	11.417043520472605
-1.2871148734459175	2.344977540334056
-1.63916176464716	1.8355060588162886
-1.118979383533492	1.493965847541207
-1.9198929989561846	4.6278647040766865
-1.3451422442077117	1.4788675969001377
-0.9118660065341925	3.0130519273093435
-1.424407971651837	2.06990974431964
-2.9534468885767984	6.707623780356628
-1.5699989162499255	4.569019831045944
-1.5243753692581914	1.8237106158990366
-1.3791669000763453	2.916375560931038
-1.9247601159971033	4.786746356875309
-1.5522273015179242	4.197418297324321
-0.878436678956731	3.2461468664473414
-1.3164785739078724	1.9786739532509017
-2.9405098144561723	7.317412870647567
-2.338369360411654	6.083225330652083
-3.144267281539808	5.268527043898294
-1.058087619297108	3.2562297389558377
-1.1146038017728426	2.2090810167024264
-1.4130872474317713	1.5572974789028926
-2.045151814903197	8.328067729262042
-1.4163797851799291	2.9372301266735743
-1.6265324890254333	1.839290453611163
-0.6173968860870646	2.6411699340884507
-0.843321070665858	2.605663817661443
-1.3150685195081957	3.028127421149057
-1.037220318234971	2.82854506070085
-1.9836884852770353	2.4481832885974852
-2.130093153142529	6.561948111744408
-1.2739375640635513	2.282842593800473
-1.1686292866419912	2.442391768706749
-2.59090556011848	8.06037653557087
-2.2613180796198433	3.2597849765450535
-1.8778603089036758	4.218045398295763
-1.9944762236308509	4.742935261041642
-3.489802451614653	4.893547642135973
-1.6585033945189867	4.550843253776636
-1.3598774210747215	2.281379303890971
-2.9457744840265745	4.0005474100187195
-1.8255748151306934	2.1979419339074298
-1.9894253331122695	4.220459672727622
-1.0843977063672163	1.3130831780418926
-0.9925396022282899	2.0087932056861844
-2.252439380556303	2.2770616257039604
-1.6597296123954526	3.9660164211039914
-2.5084183261662956	4.638991206663921
-2.251224196323821	8.815802742654798
-1.4564670370208943	3.3605948144461566
-2.328403283430305	4.806578893696522
-2.9441513394134993	6.280842140311544
-2.945340086424191	12.414145609929584
-1.7117565915335409	2.845308038146012
-2.7618166810925207	3.3827815149356057
-3.415517728167238	7.855493433636486
-1.7083115630645105	2.6881831621733716
-2.1734201342379342	5.059224061152865
-2.0624126870385338	2.9169863800350715
-1.8012388315228822	2.238320304804624
-1.808812472835122	4.527633797151184
-1.4530800048001438	2.705358875214312
-1.241678877564826	2.1168172695100127
-1.6286036696446409	2.612984797672442
-1.7271141798660103	2.8153718458447297
-1.1959226939940444	2.4715721914819313
-0.8101362377244711	3.7844901919936005
-1.822780242496295	4.1749112430974735
-1.1058171661535574	2.0779172406570643
-0.9944356805968678	3.369815375458513
-2.987714712000107	9.955974591319183
-2.5840470320772844	7.541594949020669
-1.376255385026199	1.4278942753727233
-2.601821575660809	6.15781478986988
-1.9203027989110408	4.041522495446486
-1.9918890910968328	3.6938371045473275
-2.8554279136827896	4.828970389487516
-1.2772421498218225	1.9774346060923227
-1.6590782267525392	2.4926889498993194
-1.8917374448167348	5.212622399655921
-0.9575080741215469	4.746763697990687
-2.7317908346541167	11.303098608557796
-1.5772019498555556	2.6982353099647622
-2.203514037252529	3.432595331524044
-1.8708101871225042	1.9020074978288948
-2.041267415680764	1.9610468612177534
-1.0602926076762913	1.0248310491855657
-2.9703913135627698	5.442103645902262
-1.1714179705070773	2.2909397117368986
-2.57201117981084	4.859630333833847
-0.9164196904559203	3.014645505569612
-1.9100231532259735	3.175817486934205
-1.0898662342636136	2.556294081132274
-1.6123100245839306	4.88417196028644
-1.5726084509986165	2.2655112618006212
-1.370674578246278	2.104180911888999
-2.289865698448358	5.841398593768902
-2.8501172792002203	6.846902482713146
-2.475362499671924	7.129570867573487
-2.9457393637178892	7.3356185200606525
-1.3294053900751752	1.4370374518147893
-0.9015946376048214	2.523110708385386
-1.1287471499196222	0.9119505812952307
-4.433977777236085	4.400981353460634
-1.926506736704538	4.389033678761776
-3.2078156356384833	3.7790346209148855
-0.9740217251211223	3.077358789213562
-1.5408928416841299	1.696269654718835
-2.6684052875379702	3.6333293699648377
-1.8526904063222378	6.65701784817566
-1.5997706916801284	8.98703077076619
-1.6416611790719622	1.9784677756454565
-1.3719586429545527	3.164589013970313
-0.9870464353394512	2.383833651838592
-0.7797874113833134	3.6317218656219237
-1.100966927081979	1.5302184116346462
-1.2275812961909116	2.5205752858101116
-1.8991523587080277	2.0853584242058054
-2.2596862267720557	2.971319061607584
-1.5502036860921362	2.9325452716201585
-0.7166064279569345	2.7158877748564167
-1.1719672124153215	2.511247436593779
-2.470551942195035	5.513025534528619
-3.99295151828258	4.15177136292635
-1.2449219078499607	2.1617379485749835
-0.6818653585765141	2.4124870566510195
-1.8272955561169997	6.48508869857529
-1.3570513131554818	1.7078247024405264
-1.4035783173758865	3.507091635797347
-2.185545574928004	5.901124685147819
-1.2146218420759116	2.840428703043276
-2.7571435789370775	6.986974280362348
-2.297882577709231	2.186820236555689
-5.337007918028425	5.128678533010942
-1.6570273617730829	2.7847987837529216
-1.4381358170660858	6.591334108801212
-0.6984238063321635	3.493474309608823
-1.0282928020713429	2.5785489650578604
-1.8914761439310983	3.3805414061220374
-2.053858298843947	3.557023146982273
-0.9539452566434184	1.8770540825982969
-1.7801342542923075	4.193560037250593
-3.159911775774351	4.507729246790915
-1.4431436823512056	1.4772946672799436
-1.0729225900918693	1.3049425884508576
-2.515607741315047	4.681971581881657
-1.712075044283586	3.447846686619012
-1.5477384124048061	1.5370656088277221
-0.9450390285589216	1.5682834799431906
-1.5159627131352644	5.210673044469274
-1.1294243084296531	3.3458411194194273
-1.3100799817842363	7.106589647398545
-2.390820087794321	4.314284287346127
-1.9878842105009369	5.074266962979141
-0.9886710466461198	3.244583119200956
-0.9261419563732588	2.286016048160556
-1.5689221032340877	2.708484769260085
-3.4894477734899336	5.2767705297974175
-0.8809600873172683	4.54045265864652
-1.7444912328311886	2.803687198187506
-1.3944359159348285	1.7464145054590687
-1.638597413094229	2.6448241435912143
-1.4867456831101382	1.7295697059611779
-1.2407603011575001	1.5241575999544446
-0.8765486046265903	2.3944223778332474
-1.664291039665895	3.294397417692596
-2.5203443997332964	6.362685584352715
-2.137054978560816	3.809452233543865
-1.518700676053415	2.1549851561771582
-1.8121576355341211	4.0910143276569935
-2.3627854414905873	3.4332206847482643
-1.392083918642292	4.18394631582299
-2.0062293007129712	3.562525488434018
-1.2079342532434418	1.6192070785524544
-1.2010989639503205	1.1784212828607568
-2.0758095263115073	4.521673713057661
-1.5591609129853672	2.0227153874029917
-1.1223985287170155	2.9766322517204133
-2.0153924368120126	2.0833482057087775
-2.197768590644417	6.864806053949158
-2.188275466565332	4.622639893582565
-2.451426773085258	5.854398364817278
-0.9581655532672061	1.997319462644212
-2.8220043899039644	2.996881854685143
-1.0818606942219386	2.015395258045163
-2.8210863001128748	5.048360301310733
-1.2670824445047786	3.229800409647336
-0.941669373486429	4.344918104525135
-1.5560970814039097	6.283110914084894
-1.9423130104437218	3.9275803392611977
-1.9244516092654214	4.519550361783614
-0.8768018143409736	3.029281254850692
-1.0105995325147101	2.0003494598667277
-1.3327971517762807	2.3634768854163135
-1.6731298715205007	3.802730693844546
-1.6203638444767035	3.817643414446553
-1.7939861938451422	3.705238831903797
-2.362987074876663	2.422377323104539
-1.2629669510519137	1.931803119929758
-1.9027374653859577	4.450978471814447
-3.1800280852739267	7.564643662697984
-2.8437678897983805	6.846230024579036
-1.1733140287178851	3.408153406382513
-1.715584536584318	3.9042989590587123
-0.9100729353353648	2.466691103833145
-2.7493586865721826	4.158031969258165
-1.1536636924969055	1.7506694011171342
-1.1679458561105653	1.0474580917189094
-0.963846436281073	1.1081468512994135
-1.5395363865459877	5.619809284799011
-0.7397858580530313	4.066814802293528
-2.347811420482832	4.637998748309064
-2.1360332143221914	2.199129498279905
-1.7257496063028916	4.1419264622343315
-2.022669934321334	2.540091408596352
-2.004985578200307	3.723206077322029
-1.9655185097236905	4.100412450797003
-1.8377911716871178	5.27702552880261
-1.1936927195564015	1.604009498817596
-1.4437055729242814	5.72419508415485
-1.4088235129180606	2.517065808414361
-1.4990587454710524	2.3241529745426024
-2.9225264518466565	3.4802631095279173
-2.2496515542913422	4.327913240391934
-2.1022126699768307	3.808980477108366
-1.7401985953064902	2.400110165749312
-2.653861886432117	2.8006952930037308
-1.5774167132740422	2.4390993454484806
-1.1585073491348	3.8690225621530185
-1.605949174195955	3.5115739310150067
-1.0576013540447604	2.0704824300398705
-2.615410244408892	4.275340145140103
-1.4582289715423682	2.120290268051787
-1.3451713453017886	6.609665862466672
-3.1068868106050176	4.420070288058392
-1.5356585881649836	2.069690685637843
-1.2990272900340734	0.9608260926784885
-1.16745103951876	3.154361039628751
-1.5711295252734718	1.6012175715453147
-1.1375474249018653	1.158481819300132
-1.6302969276593922	1.5649425639946595
-2.2751718508322756	5.274349833761292
-1.188246170223921	4.2107359916242375
-2.3690628390970976	6.05795582171262
-1.1384950292785423	3.161847613735132
-1.5640098419949071	1.9639826076983682
-1.1866439148735959	3.1926852231319502
-2.1848719579821374	3.5590523212106118
-2.9770884926963745	3.3016904675629317
-3.6466482836550616	6.88312675525539
-1.5758214729386983	3.958407409359986
-1.5620376316005684	1.3704139169044374
-0.9222149978771493	3.3470892782822013
-2.3530612905870574	2.4380383114864768
-1.0931226715175713	1.7437137758671017
-1.5092473964645445	1.3044365621641478
-1.2037042807707299	2.448868668528764
-2.3440354362734848	2.7184463038475606
-1.2651502928926686	5.999653490357796
-2.3457946312829296	5.529024492970494
-1.0035649856083997	2.2430200894593835
-1.5800546407045986	2.2987742526833004
-1.5160775033000875	2.9202889286552858
-2.083143695352242	2.592406176196342
-3.3618206016768593	8.303090430755804
-3.168168980229221	4.513468459709668
-1.3306154555826426	2.676642571092567
-2.364907499864097	5.754873197117956
-2.917267235037516	4.974572966110755
-1.295629778473148	1.1948556558529333
-1.395922573698998	2.1555586369307678
-1.6396192904924334	4.455765560982922
-1.0258946013937045	4.631238932129246
-1.3010026497830207	1.4899847003614068
-1.8241959566816317	4.755676099265982
-3.3165349486651756	10.559798474371467
-1.408683917340315	2.215711247125438
-2.510820361987637	5.972188435366651
-2.47085677055826	4.6664402454413025
-1.1528958035344288	2.994312960843916
-0.8545799981839401	4.023834868852648
-1.4748597296665829	4.124474033554805
-1.0271667892085694	2.140316136056368
-1.4466963513402948	2.807069706484649
-1.169277512477744	1.2238624772157627
-2.367103862203701	3.6154276466313036
-1.5172698409867382	1.8499655015991188
-1.418934155169171	1.410540528325997
-1.93622453861528	3.7661781127104317
-1.7698283039518476	3.9922165735630024
-0.8439775145099723	4.345546337551243
-1.029872880134771	1.2451270071665381
-1.1068814002518912	3.829196644849014
-1.6594530095601012	2.259219855494875
-1.1958883757901437	5.820025152510641
-1.209017099688067	5.259720628753394
-1.9662540077369066	5.814336707531944
-1.7432618477382933	3.3642477119416045
-1.79792285758903	4.10796657906645
-3.0531163117803755	8.730239552269275
-1.2024594693263617	2.397020901123254
-2.108899726370692	6.804137861211998
-2.779636763457669	5.11056009779916
-1.0881431668713581	1.3227642634824222
-0.5078864780032584	1.620960607068484
-1.960136755846319	3.7360186613251023
-1.9817421034385694	2.699304242697984
-1.2449977166852044	1.3829507965086127
-1.8155710176576256	3.1687920139539347
-1.1807827527070485	1.587422023064303
-0.7555761530624555	1.2739341289767883
-0.8629913898334118	1.924788716129816
-1.0526741861516893	2.3146062696678475
-0.7669515766147417	3.524414586093891
-1.536354580864026	4.9341922846809805
-0.7400088563290848	1.467683873764585
-1.0829604332408773	1.8545654834515046
-0.9574968113565041	2.6763073842355065
-2.2638622410171414	4.983807110757545
-2.2571461581929255	6.465110887209022
-1.0280106895427665	1.0309444873681077
-1.3163061747512057	1.4628567551247473
-0.7942303051998763	1.4522482940587922
-0.6758144660976138	2.7996784746055585
-0.8121733688452291	1.2556268731497269
-1.5421636305824116	4.027227015938963
-0.815983617467988	1.0579464128030942
-1.5730868146906944	1.8822006034461183
-2.037457602953154	5.509897256313467
-0.6310334977563113	1.6400293400604762
-1.5953302475638567	2.0986838941202293
-0.671485125641234	0.5004249107425043
-1.1219975010224388	4.736115585119408
-0.9896581075424555	2.0766162224426967
-0.6013259118830093	2.18945405885078
-1.4374455794833958	1.9072089334266227
-1.194436914946046	5.597279811227216
-0.660977481439113	1.0037314253146195
-3.342638777143185	6.153533888191729
-0.8023453732031933	1.2421517723293614
-0.965776010928687	1.5203531528909793
-1.5056493765996273	6.365882495359864
-2.0866811301312853	2.8863617942780766
-1.966610373697394	2.4556941760635933
-0.9254882851831088	1.316075076622395
-1.0163274137748761	2.196589573320608
-1.4832739434877955	3.7896295269579334
-1.1904104509078608	2.324094658450184
-1.1826228824183997	3.5957128054302143
-1.1577569146580033	2.0618528442044792
-0.9614849937451341	1.25831572548091
-1.192337750951444	2.7568450121306634
-2.015287040277906	5.097939367496968
-1.0367919243130121	1.5317625872494602
-2.4619856482668263	5.780373840438485
-2.1410725119711045	3.8191882711125684
-0.626327749878274	2.5244820594532107
-1.0780903519297578	2.5924873862410136
-1.5602612412795474	3.4513614201395906
-0.6628456804507388	0.7660290614399304
-1.6903923409372363	4.062546310653642
-0.8088849539020069	2.096964215655537
-1.9066537402547405	2.8536620715160472
-1.0061126111990515	1.764732291143956
-2.100444237614599	4.4145052936768066
-3.516869688603631	3.859420264797528
-0.9174860247890023	1.488493818749119
-2.9089326610198407	8.17795030844843
-2.511940389866282	3.3397556083909596
-1.0433924751573531	2.0153038252351636
-0.7159556147703029	1.4854119379836748
-0.8587865217505573	2.3800502388998486
-0.8553529872655931	1.3954808153690321
-0.6992038890757497	1.6300977278741073
-0.9117554603219672	3.7848572541354013
-0.4896705882593316	1.411446094128805
-1.7492925971660633	3.903418781784322
-0.7021764139566279	1.0123871749632563
-1.086443577142211	1.3925494668425302
-1.6282237800962889	1.8041298895525304
-0.8613887387127284	3.1476713695873384
-3.4203564678127116	9.862008275869703
-1.8586102878565578	2.140340935435483
-1.0627111056688965	3.7112498070651987
-1.4388705380092714	1.8689626268503856
-0.7341468360474923	1.6778492112175216
-1.5388863141719757	6.942893179109669
-0.8741911827049303	1.3885963272118467
-1.1828158123829282	1.2373554783583525
-1.250441853920223	1.8380812830316666
-3.046778463862277	4.517073650822014
-0.6543306387442943	1.3329234927999543
-1.3983426753364847	1.7501401087194026
-2.0536546613541877	2.873450170415408
-1.0406298949404296	1.5380691708835865
-1.0507213265297906	4.5192718702753
-0.7076334650284039	1.6900602911094735
-1.2528444616159233	1.5763338801775157
-0.8249159037926094	2.0950466574625666
-0.8319283033752826	1.4769094152511872
-1.3949353103500775	1.5258776182608302
-1.695530773231273	1.8020795921450445
-2.6286330021436677	9.090944978401877
-1.8414678109531089	3.2898102071593494
-0.8477669132850625	1.7213555421307667
-1.9964325272954178	5.290024697387914
-0.7765227927431996	1.8418251251595463
-1.6054475975201783	2.7459131143040856
-0.9259383104557876	4.994099788793045
-1.195131437104535	1.3461227330053571
-1.4628118610859449	2.437436561637133
-1.1341102739974205	1.4047522743494578
-1.5318062652747555	2.6042068452041978
-0.5996016762633457	1.166865968840455
-1.49366268364589	3.1607561535067052
-0.5820286965063831	0.9681888432770566
-1.0704847210897772	1.0581329503641739
-2.2269151854661233	2.7045101784596692
-0.9691894106160581	4.154274730465415
-1.4456365325097686	3.946211114476926
-0.845866975779621	1.324317841875814
-1.0172468529107472	1.6159273820044273
-1.47382203093392	2.134937104991492
-2.599122683286886	4.392358612858556
-1.3915932715651247	1.1282175777361074
-3.371446924643685	4.427148822974119
-0.5333617182840366	1.374010667851524
-0.9998442656297201	1.0614731555736114
-1.2220054526182575	1.1531027360572745
-0.7270267295650595	1.259797017448001
-1.6997567772958515	2.367175733825215
-0.695468593058196	1.9447857948259237
-3.0362689786358135	5.268603399249421
-0.6999100791255115	0.9390213071721125
-1.9359304227540213	4.54663694238107
-0.7418049317840454	2.164574958669143
-0.7988114628939119	1.7917270571192312
-0.5823466064369395	1.3136159591765089
-2.8322449837076573	9.228727342624268
-1.0488091407902405	1.5765382437011093
-0.928724308104629	1.9454582620113416
-3.7012210526935903	8.941221283068765
-2.0684883075675193	3.057916914322583
-1.136472572846748	3.51229597494865
-2.7550451349248486	4.293291158136938
-4.347958905057501	4.881619483483339
-1.0880452035290573	3.1566581983818827
-1.026289875044516	1.407605468368959
-1.0678619968058387	1.1290882745905253
-2.580785973117636	3.300325044570914
-0.6905133642565965	0.7581232172036212
-1.5048282718296708	2.538965240927778
-2.3872257312339533	6.275479002018766
-1.1748838744334653	1.1126651046459208
-0.6514992183477494	0.6732586200516503
-0.5533235751687351	1.7126491351635513
-2.921255296252224	3.1295527330362347
-1.4916410566463987	1.4848461984882868
-0.7353116785170468	0.8464919546405288
-0.9863643093876603	3.708752967489631
-0.8629165241350218	0.7526781538488585
-2.418635927938534	2.9185629039876453
-1.217937295363482	1.4841350138391258
-4.052209128929537	3.06705834942383
-2.2247860242501973	3.175686508580252
-1.189109977840445	2.872669456588153
-1.13960906546114	1.5163704020686755
-1.7745834505908318	3.6228668538969977
-1.7491989087947442	1.5726411999609515
-0.6753471535374672	1.0627860522306758
-0.7410518181082224	1.5288290095497599
-1.4308613745567238	2.9716132481548163
-0.8988657109820053	3.246704898621987
-1.6201049569581925	3.2939803118282382
-0.5588684816496133	1.9893054746663703
-0.8530542503337544	2.169796411120671
-1.367461942125554	2.3839521158545987
-1.0054075279108783	2.1584449815552604
-1.35803567329939	2.446535696763626
-3.5644956785133566	5.475078219075652
-0.45925744316934825	1.1018914190269125
-0.9358581036866256	1.2311417992792477
-0.8689792754398773	1.5906797777007975
-1.5892089481317984	4.703366758039955
-2.2438490545445053	5.107209516100573
-1.7384093370918192	2.589689029176793
-0.8038089984539637	1.2014344505144192
-0.9403239004454065	1.4266377777589037
-0.9004821489527817	2.113723730797682
-1.078204548525091	1.4934947915265095
-0.6164708828178983	1.8271912101891243
-0.5757324786442247	1.0010834906252803
-0.7980609691583925	0.869558941131258
-0.7927881685782012	1.5255747724529634
-0.6371293188519714	0.8973609248731591
-0.646403257775765	0.665876282359094
-0.7149936075482943	1.77551010037077
-0.6885108325514414	1.2421782931009215
-1.2426505838867528	1.8888467353261673
-0.5244540615068062	1.3718176823716228
-0.8650233326905167	2.174870706409649
-0.8438505628533651	1.4138156076467683
-2.354224766112529	4.577179379516268
-1.3319734583404776	2.1824398720695677
-0.7321303084317168	0.8339833152166145
-0.681449543048213	1.523762043418052
-2.118138843473707	3.9289374947611484
-1.0368838881422926	1.4276305676925551
-2.614491310768958	2.739665481931348
-3.1378552065809564	8.627755893774836
-0.4558068725168131	1.0126895116076737
-0.8400801004717662	0.9606956665115565
-1.9255184851966014	3.7424549095713675
-0.7970658077622095	0.9690975526599607
-0.7317682875273666	0.7972989123288532
-1.3708615107842446	1.8468079585956083
-1.5051627260107105	3.1617987730745285
-2.2900112982459846	4.250951533877338
-2.0370393283920993	7.332955204267417
-0.8319889094381275	1.0760517426333318
-0.7813210265982261	2.453530645605377
-0.8011928530261366	0.860175037044506
-1.0050983249478311	1.7829796812778786
-0.8853508059056738	1.0421707397936004
-2.2190298955407988	3.3026760291299375
-1.1390115855741223	1.7311223736021435
-0.4601690320979434	2.0903383090753596
-0.8682949214625686	1.4187076036229398
-1.5946439197956006	2.503591868938767
-1.0952257032863695	2.417991892855589
-0.5344100888529121	1.404074473370948
-0.4432997481989486	1.5562834798336405
-0.4894637337982723	1.3912993354001304
-3.009508585267242	6.831229705440178
-0.8469417636125832	1.9632429883769267
-1.1135767832332122	2.212007237846552
-2.0244860227434143	2.570418453375318
-0.6151470667126503	2.2348958228708593
-3.032863659745153	3.277445793709552
-1.1572320767747442	1.721695670387193
-1.1183895278535174	1.7837102195061783
-2.617244519484736	2.753218571052171
-1.7850387545267823	4.30594385028975
-1.1320246401439915	2.8472514628250107
-0.8146944406864932	2.04220314304012
-2.064087044465008	2.0771175307456065
-1.4919144742261403	4.157049118722378
-2.922195942441853	7.745618478336946
-0.8298134953797713	1.4661041011560683
-2.135421831373074	3.9993222747305013
-0.9149806047059191	1.753853188252918
-1.9803092255911565	3.373943262520747
-0.7388127293745325	1.7346943798286794
-0.6474885071755879	1.850766671343906
-3.988263879860024	4.049788257823315
-0.8669644217385969	1.390968539807294
-1.3170141900414873	1.9735678716287852
-1.7551002976567407	4.836199269482708
-1.0705905244926426	2.1989197349836997
-2.88215473563382	4.365216374139284
-0.6190356176371696	1.9702312413000949
-2.052020651701514	4.98121275683289